Energy		time
5707.86089	1
5697.12503	2
5596.88458	3
5577.62006	4
5463.1958	5
5409.01056	6
5381.54318	7
5330.75141	8
5309.71156	9
5258.42918	10
5210.05557	11
5177.33706	12
5155.75836	13
5136.02781	14
5111.99084	15
5049.78969	16
5040.03499	17
4846.51936	18
4776.41147	19
4743.53583	20
4714.93531	21
4713.08252	22
4697.8468	23
4660.70701	24
4655.51007	25
4628.36782	26
4623.70908	27
4602.6799	28
4578.12901	29
4518.12197	30
4504.40372	31
4487.53268	32
4465.37102	33
4443.32793	34
4357.27991	35
4312.57771	36
4306.6444	37
4301.42182	38
4300.43792	39
4283.30558	40
4278.83393	41
4278.0975	42
4268.5453	43
4265.00524	44
4144.2266	45
4086.23868	46
4058.73072	47
4031.86148	48
3981.05725	49
3966.09265	50
3958.24021	51
3950.22697	52
3947.14678	53
3915.34124	54
3843.58168	55
3817.7402	56
3813.91233	57
3804.21212	58
3778.21334	59
3769.5008	60
3760.33861	61
3716.15036	62
3708.65951	63
3679.87163	64
3679.55951	65
3658.3313	66
3645.58942	67
3641.98637	68
3638.56781	69
3620.54706	70
3602.79435	71
3600.11079	72
3595.68568	73
3580.75365	74
3570.81481	75
3570.61126	76
3568.36987	77
3565.46136	78
3565.3622	79
3559.63161	80
3556.63053	81
3529.59132	82
3527.17894	83
3514.52734	84
3509.01051	85
3504.97699	86
3503.93805	87
3501.8814	88
3481.08141	89
3476.52332	90
3475.6618	91
3474.70814	92
3474.61533	93
3441.74874	94
3440.0741	95
3426.27137	96
3423.39213	97
3422.50624	98
3421.0088	99
3420.89154	100
3418.511	101
3415.86656	102
3410.26253	103
3406.77328	104
3395.94429	105
3395.12653	106
3386.28796	107
3386.27497	108
3382.29247	109
3375.70367	110
3370.28356	111
3361.74435	112
3357.33147	113
3355.7229	114
3355.50334	115
3351.41591	116
3340.67436	117
3338.29039	118
3334.29756	119
3329.35837	120
3326.9974	121
3325.31985	122
3319.95835	123
3311.87681	124
3305.52843	125
3286.6883	126
3284.16234	127
3279.08736	128
3273.58223	129
3273.35892	130
3273.1416	131
3268.24239	132
3261.93013	133
3259.251	134
3258.7053	135
3258.26676	136
3257.81959	137
3253.94726	138
3252.69346	139
3252.38123	140
3252.25568	141
3247.59807	142
3244.89966	143
3240.68039	144
3239.83668	145
3239.59754	146
3239.40824	147
3237.01993	148
3232.25434	149
3230.77954	150
3230.6504	151
3230.33672	152
3229.48701	153
3228.58211	154
3223.89021	155
3223.57598	156
3221.9	157
3221.1994	158
3221.12194	159
3218.33221	160
3216.36603	161
3211.90115	162
3209.1683	163
3207.56828	164
3207.2084	165
3205.82824	166
3201.30322	167
3200.11238	168
3191.67158	169
3189.82666	170
3182.4893	171
3181.40072	172
3180.99244	173
3173.87063	174
3173.59284	175
3171.6517	176
3170.17522	177
3165.50591	178
3162.66953	179
3157.26393	180
3156.68215	181
3150.68729	182
3147.80551	183
3146.67961	184
3146.09403	185
3145.4805	186
3142.52578	187
3139.41861	188
3138.33839	189
3137.90417	190
3137.84955	191
3136.47426	192
3133.98711	193
3132.9174	194
3131.39601	195
3129.68655	196
3128.78556	197
3128.30734	198
3125.35153	199
3124.7163	200
3123.79142	201
3122.50111	202
3121.15037	203
3117.71953	204
3117.04913	205
3115.8347	206
3114.59109	207
3113.12126	208
3110.60713	209
3110.57177	210
3110.35179	211
3108.56686	212
3108.50404	213
3108.38285	214
3104.83434	215
3101.6284	216
3101.07195	217
3097.91062	218
3095.12578	219
3095.06633	220
3087.59858	221
3081.97755	222
3079.58216	223
3079.48632	224
3078.86282	225
3075.76872	226
3072.45714	227
3071.25631	228
3067.86996	229
3066.04256	230
3064.92982	231
3062.59176	232
3059.47701	233
3053.70925	234
3046.59374	235
3046.17128	236
3044.54436	237
3037.69877	238
3034.48964	239
3032.94866	240
3031.36861	241
3028.01681	242
3025.17211	243
3023.477	244
3022.9493	245
3022.67524	246
3022.08038	247
3021.75025	248
3020.60388	249
3020.53633	250
3020.4262	251
3019.47767	252
3018.28493	253
3010.91491	254
3010.0886	255
3010.02582	256
3009.75281	257
3007.79925	258
3006.86415	259
3004.16658	260
3001.88124	261
2999.43823	262
2999.41709	263
2998.97541	264
2997.3104	265
2996.14218	266
2995.50646	267
2994.95636	268
2993.48716	269
2993.4254	270
2992.58554	271
2991.74525	272
2990.11876	273
2984.3412	274
2984.2877	275
2984.19511	276
2979.89634	277
2978.59499	278
2978.58654	279
2978.43379	280
2974.36387	281
2971.62852	282
2971.39307	283
2970.46887	284
2969.66211	285
2968.28988	286
2968.04801	287
2963.92365	288
2962.3439	289
2961.46629	290
2958.00655	291
2957.48633	292
2956.51858	293
2953.03354	294
2951.34782	295
2950.25127	296
2950.12119	297
2947.60796	298
2946.68278	299
2940.39367	300
2940.32322	301
2938.17075	302
2938.07754	303
2937.69381	304
2935.89402	305
2933.45457	306
2931.38948	307
2930.02964	308
2929.87546	309
2929.16952	310
2926.63083	311
2924.98951	312
2920.08357	313
2918.32523	314
2918.27095	315
2918.21429	316
2917.0485	317
2914.60087	318
2912.00296	319
2911.34689	320
2910.07992	321
2909.58693	322
2907.24996	323
2906.00109	324
2905.03808	325
2901.47831	326
2900.53885	327
2900.37735	328
2898.50839	329
2896.24343	330
2895.48825	331
2894.88421	332
2894.76923	333
2894.66797	334
2894.55722	335
2893.76682	336
2892.35182	337
2887.68865	338
2887.61	339
2884.40289	340
2884.029	341
2883.65554	342
2882.91464	343
2882.84628	344
2879.61021	345
2877.98913	346
2877.4297	347
2876.16213	348
2870.47791	349
2869.44717	350
2869.42412	351
2867.51518	352
2866.6647	353
2865.72288	354
2865.56247	355
2864.98069	356
2864.35934	357
2863.84881	358
2863.26955	359
2862.47335	360
2861.75577	361
2861.46574	362
2858.20307	363
2857.69864	364
2855.43386	365
2855.08672	366
2850.30968	367
2849.8963	368
2846.17953	369
2845.2625	370
2845.02219	371
2844.78477	372
2843.75239	373
2841.71677	374
2838.86035	375
2833.09832	376
2831.99599	377
2831.73628	378
2831.57004	379
2830.82384	380
2830.6023	381
2829.6023	382
2827.6013	383
2825.67226	384
2823.20797	385
2819.51042	386
2818.02946	387
2817.42183	388
2816.87802	389
2816.48391	390
2815.2123	391
2812.58476	392
2811.45927	393
2811.0793	394
2810.11654	395
2808.86831	396
2808.35849	397
2808.05803	398
2806.08104	399
2805.95457	400
2802.92384	401
2802.13851	402
2799.73062	403
2797.09317	404
2796.94732	405
2794.59198	406
2793.3391	407
2791.691	408
2789.25651	409
2787.73326	410
2786.52623	411
2785.41451	412
2783.75987	413
2783.51052	414
2781.90491	415
2780.42265	416
2779.72487	417
2779.2761	418
2778.67271	419
2775.79801	420
2775.48698	421
2772.08214	422
2771.29841	423
2769.7197	424
2767.86418	425
2767.69838	426
2767.07385	427
2766.78599	428
2764.72353	429
2764.23745	430
2764.21516	431
2762.27106	432
2762.07485	433
2761.22126	434
2760.94818	435
2760.74553	436
2759.51279	437
2759.32968	438
2758.5868	439
2758.10769	440
2757.67334	441
2757.56476	442
2757.49312	443
2756.25543	444
2753.23111	445
2752.38558	446
2751.73064	447
2751.72393	448
2748.14505	449
2748.0292	450
2747.05596	451
2744.83547	452
2744.55699	453
2743.94619	454
2742.27485	455
2741.50982	456
2741.29344	457
2740.55832	458
2738.82603	459
2736.11485	460
2735.83061	461
2732.50713	462
2732.35593	463
2731.3455	464
2730.04402	465
2728.86472	466
2726.95604	467
2726.37685	468
2725.55955	469
2725.14077	470
2724.21702	471
2723.6029	472
2723.23675	473
2722.31193	474
2720.69043	475
2720.43866	476
2715.51028	477
2711.17285	478
2710.65873	479
2710.65355	480
2709.58837	481
2708.51247	482
2706.19795	483
2704.11315	484
2703.86243	485
2703.12876	486
2700.34682	487
2699.89318	488
2699.18082	489
2698.36523	490
2697.85318	491
2697.73526	492
2694.77771	493
2693.27333	494
2692.07246	495
2692.0178	496
2691.63668	497
2691.59666	498
2691.53062	499
2690.74287	500
2688.94456	501
2688.80414	502
2688.55549	503
2688.44529	504
2687.9072	505
2687.39922	506
2687.25591	507
2686.68947	508
2685.1607	509
2685.13033	510
2683.77478	511
2683.66087	512
2681.74225	513
2681.29336	514
2680.88882	515
2679.57231	516
2679.54795	517
2679.48241	518
2678.7373	519
2678.49244	520
2678.45688	521
2677.97909	522
2677.33768	523
2676.84831	524
2676.75981	525
2675.85649	526
2675.47022	527
2674.32046	528
2672.22841	529
2671.9168	530
2670.39037	531
2670.18852	532
2669.75231	533
2667.06018	534
2666.37918	535
2666.3744	536
2665.85736	537
2665.66576	538
2664.77802	539
2663.3332	540
2661.63256	541
2661.54588	542
2658.76297	543
2658.65238	544
2658.52516	545
2657.96596	546
2657.90019	547
2657.67726	548
2656.84622	549
2656.56754	550
2656.22513	551
2656.16542	552
2655.51156	553
2655.17762	554
2654.68679	555
2653.53178	556
2652.57099	557
2652.50419	558
2652.3929	559
2652.17702	560
2650.14003	561
2649.85182	562
2648.52892	563
2647.18222	564
2646.55496	565
2646.01791	566
2644.98793	567
2644.55229	568
2644.17278	569
2642.80217	570
2640.91659	571
2640.34173	572
2639.18694	573
2639.05175	574
2637.49366	575
2635.11895	576
2631.84853	577
2629.72105	578
2628.22497	579
2627.36994	580
2626.89415	581
2626.57889	582
2624.95389	583
2623.95234	584
2623.51889	585
2623.42231	586
2617.82912	587
2616.18654	588
2614.64794	589
2614.18586	590
2613.69908	591
2613.2917	592
2613.11699	593
2611.90754	594
2611.6649	595
2611.29466	596
2610.52002	597
2609.62687	598
2608.46952	599
2608.00026	600
2607.52871	601
2607.27776	602
2605.01422	603
2604.8192	604
2601.80363	605
2601.67619	606
2600.71504	607
2600.67597	608
2598.22917	609
2598.22225	610
2597.33141	611
2597.29704	612
2594.73454	613
2592.71709	614
2592.18243	615
2591.27666	616
2590.44921	617
2589.86493	618
2588.98401	619
2588.61947	620
2587.10192	621
2584.91391	622
2584.42079	623
2583.61739	624
2583.18648	625
2581.03781	626
2579.34937	627
2578.23942	628
2577.70982	629
2577.6047	630
2577.12987	631
2575.50021	632
2575.2987	633
2575.27338	634
2574.73452	635
2573.90252	636
2572.46049	637
2572.13026	638
2569.32734	639
2569.0524	640
2569.0039	641
2568.24821	642
2566.76314	643
2566.7502	644
2565.24923	645
2564.81898	646
2561.32634	647
2560.86387	648
2560.32265	649
2558.85325	650
2558.53861	651
2558.47761	652
2557.84548	653
2557.15238	654
2553.134	655
2552.75474	656
2551.86875	657
2551.15671	658
2550.2335	659
2549.95619	660
2549.49137	661
2547.6437	662
2547.56619	663
2547.35688	664
2547.00147	665
2546.92592	666
2545.4057	667
2544.52289	668
2544.46875	669
2543.40743	670
2543.32839	671
2543.27968	672
2542.60804	673
2539.3366	674
2538.86268	675
2536.53766	676
2536.17457	677
2535.72135	678
2534.14657	679
2534.08023	680
2531.11881	681
2530.118	682
2529.54749	683
2529.52931	684
2526.86329	685
2525.78441	686
2524.67711	687
2522.21139	688
2521.37678	689
2521.22148	690
2521.07705	691
2520.43026	692
2520.09782	693
2518.67155	694
2518.53777	695
2518.17204	696
2517.81119	697
2517.48949	698
2516.99526	699
2515.98866	700
2515.62642	701
2514.65831	702
2514.48587	703
2513.75208	704
2513.54715	705
2512.32269	706
2511.32444	707
2510.89273	708
2510.81769	709
2510.69668	710
2509.87047	711
2509.84737	712
2509.6606	713
2509.65995	714
2507.57195	715
2506.55762	716
2504.54601	717
2503.20559	718
2503.15587	719
2502.91214	720
2502.44202	721
2502.16657	722
2501.42196	723
2500.72397	724
2500.33681	725
2500.03795	726
2499.61941	727
2498.99633	728
2498.08668	729
2497.37741	730
2490.83765	731
2490.41029	732
2489.42609	733
2489.0991	734
2488.30841	735
2488.2388	736
2485.79392	737
2484.78586	738
2484.14409	739
2483.83421	740
2482.51513	741
2480.75422	742
2480.58811	743
2480.31671	744
2479.67523	745
2479.50389	746
2478.27657	747
2476.33688	748
2475.65511	749
2475.23202	750
2474.85331	751
2474.47858	752
2466.5719	753
2463.47531	754
2461.29176	755
2459.19344	756
2459.17224	757
2458.68138	758
2458.62355	759
2458.42327	760
2458.14945	761
2457.30122	762
2457.03062	763
2455.82904	764
2454.82195	765
2454.68331	766
2454.04777	767
2452.54846	768
2450.13848	769
2449.8119	770
2449.5834	771
2449.53794	772
2448.99758	773
2448.42702	774
2448.17943	775
2447.70343	776
2447.30088	777
2446.80527	778
2446.02147	779
2444.46281	780
2442.89164	781
2442.75835	782
2442.4588	783
2442.34426	784
2442.26005	785
2442.21315	786
2442.01761	787
2440.26018	788
2438.78337	789
2437.64581	790
2437.08262	791
2436.49418	792
2434.67065	793
2431.64944	794
2431.29613	795
2431.09877	796
2430.87855	797
2429.77327	798
2429.61276	799
2427.98856	800
2426.15483	801
2424.72588	802
2423.28556	803
2423.18944	804
2422.60017	805
2422.56717	806
2422.27898	807
2422.10465	808
2421.64042	809
2420.35839	810
2420.14395	811
2419.70001	812
2418.68728	813
2417.97661	814
2417.25239	815
2416.14399	816
2415.75583	817
2415.63595	818
2414.3459	819
2414.31363	820
2414.24943	821
2413.94308	822
2413.61113	823
2413.39077	824
2413.14088	825
2413.06007	826
2412.42146	827
2412.39423	828
2412.03023	829
2408.48857	830
2406.61605	831
2405.97107	832
2405.74423	833
2405.58381	834
2405.43672	835
2405.00912	836
2403.96629	837
2403.70293	838
2401.32668	839
2398.49857	840
2398.02744	841
2397.38692	842
2395.93198	843
2395.78797	844
2395.63365	845
2395.21811	846
2395.10677	847
2394.9721	848
2393.41645	849
2392.89955	850
2392.74139	851
2392.6715	852
2392.14142	853
2390.32345	854
2390.09785	855
2389.02423	856
2389.00065	857
2388.11037	858
2387.33313	859
2387.18661	860
2386.99959	861
2386.34339	862
2386.19153	863
2385.15174	864
2382.81218	865
2382.07562	866
2381.94789	867
2381.80294	868
2381.62057	869
2381.16307	870
2380.92865	871
2380.43702	872
2376.33549	873
2375.9553	874
2375.65618	875
2375.05094	876
2374.84531	877
2374.24198	878
2374.17302	879
2372.01944	880
2371.78636	881
2371.54066	882
2371.3568	883
2371.18974	884
2370.46744	885
2369.80676	886
2368.02443	887
2366.82088	888
2366.80422	889
2366.34027	890
2366.30097	891
2365.15482	892
2364.41992	893
2363.24247	894
2362.52069	895
2361.14464	896
2360.89308	897
2360.58265	898
2360.21418	899
2358.66787	900
2357.55185	901
2357.46895	902
2357.24481	903
2357.0576	904
2356.92876	905
2355.79982	906
2355.72335	907
2355.26732	908
2354.3963	909
2354.39101	910
2353.95017	911
2353.53316	912
2353.11106	913
2352.32519	914
2351.67226	915
2351.16551	916
2347.22497	917
2346.87274	918
2346.58914	919
2346.47892	920
2346.0527	921
2344.97766	922
2344.29253	923
2343.37464	924
2343.25976	925
2342.60155	926
2341.6469	927
2341.54042	928
2339.98014	929
2338.85513	930
2338.62269	931
2338.43583	932
2338.26613	933
2336.90322	934
2336.54086	935
2336.10666	936
2335.8284	937
2335.48466	938
2335.36819	939
2334.0089	940
2333.32802	941
2333.25175	942
2332.449	943
2332.10844	944
2331.68632	945
2331.66758	946
2331.63981	947
2331.45605	948
2331.41088	949
2328.87676	950
2328.29945	951
2327.8812	952
2327.74161	953
2326.91504	954
2325.07193	955
2324.39502	956
2324.07626	957
2324.05793	958
2324.05027	959
2323.66743	960
2323.51161	961
2322.41676	962
2321.64707	963
2321.5178	964
2321.09917	965
2321.05483	966
2320.54089	967
2319.77902	968
2319.08932	969
2318.73417	970
2318.45754	971
2317.29526	972
2316.16859	973
2315.48267	974
2314.84329	975
2314.12409	976
2311.62236	977
2311.49039	978
2310.99579	979
2310.00036	980
2309.83178	981
2309.25264	982
2308.3513	983
2307.15567	984
2302.78751	985
2302.75403	986
2301.59089	987
2300.75942	988
2300.55071	989
2296.43558	990
2296.32397	991
2295.99721	992
2295.58503	993
2294.1581	994
2293.57088	995
2292.77515	996
2291.94266	997
2291.78911	998
2291.67399	999
2290.97734	1000
